13783324475110491472
15037191931039469038
10789543109456934792
8239063236134835538
14711246575425114318
3571523314312516168
6687617917753524756
16945907030228922656
6961866576516521862
8376682190706182844
7780613808173080548
5047909935526184464
12648940731844294286
7001524433061453548
6581571828408569994
3071254300012747426
3512713262723517776
14177002510479823774
17561114722803294426
5220584919457185948
5313631509937041532
14048648156341944386
5527292772719399542
11687290186951432722
15093773998151246860
3262946839299188090
16859336579561597582
15285660817508816850
8506074998754050240
9553864028892748150
4024000801208533752
12183066256633993366
12644686421772680312
6161048997959836672
16684911417119711144
11766370735856403636
17148501664815908660
10099755814181562764
7854140688971069776
2347663440593153552
2446603816007120044
15591614210911213458
14662767302410580360
13390901164127036548
279293661322172054
2539969297419607628
17996125038002359174
15607937452065729662
11676072761274043388
1007816989982131582
18096040919793077556
12954819658520913312
12457357706491056802
18198882401583890488
2637194326780035650
12851758255503538354
1905214153752458196
9410311178373791448
12691260660018418422
13097633614263216408
6464451659041664374
6151471575430056200
763265200177950910
12016832773333216858
4252819547408313100
5801467381371740952
11158315242007869068
899465077858531550
2348351147548928164
2991922618109500672
4693876918944030244
14196945698661481540
9655037280789938084
7464959682764810982
7073587023494062924
4200204446217335658
16992498753423398990
1200977947129826608
10489043031465324950
11974466991729411176
6548519026128482468
16240900665518047186
978206038221552402
17026825337008367948
8743104631339042652
12522497833501537580
17164780336745914564
13295310150682915232
14499828784893157492
10733275814371949894
5867310045976172186
12307193913261008328
8026846584023553302
13345643339365313374
13474884168806014036
7165988818372235708
15834537031425190284
5878649733149431968
12336779911066367636
1348741303006082578
